Movie Report
------------

Frame #    Frame Bytes    Total Bytes    Page
-------    -----------    -----------    ---------------
    1          3239           3239        Scene 1
    2            24           3263          2
    3            24           3287          3
    4            24           3311          4
    5            24           3335          5
    6            24           3359          6
    7            24           3383          7
    8            24           3407          8
    9            24           3431          9
   10            24           3455          10
   11            24           3479          11
   12            24           3503          12
   13            24           3527          13
   14            24           3551          14
   15            24           3575          15
   16            24           3599          16
   17            24           3623          17
   18            24           3647          18
   19            24           3671          19
   20            24           3695          20
   21            24           3719          21
   22            24           3743          22
   23            24           3767          23
   24            24           3791          24
   25            24           3815          25
   26            24           3839          26
   27            24           3863          27
   28            24           3887          28
   29            24           3911          29
   30            24           3935          30
   31            24           3959          31
   32            24           3983          32
   33            24           4007          33
   34            24           4031          34
   35            24           4055          35
   36            24           4079          36
   37            24           4103          37
   38            24           4127          38
   39            24           4151          39
   40            24           4175          40
   41            24           4199          41
   42            24           4223          42
   43            24           4247          43
   44            24           4271          44
   45            24           4295          45
   46            24           4319          46
   47            24           4343          47
   48            24           4367          48
   49            24           4391          49
   50            24           4415          50
   51            24           4439          51
   52            24           4463          52
   53            24           4487          53
   54            24           4511          54
   55            24           4535          55
   56            24           4559          56
   57            24           4583          57
   58            24           4607          58
   59            24           4631          59
   60            24           4655          60
   61            24           4679          61
   62            24           4703          62
   63            24           4727          63
   64            24           4751          64
   65            24           4775          65
   66            24           4799          66
   67            24           4823          67
   68         80772          85595          68
   69            24          85619          69
   70            24          85643          70
   71            24          85667          71
   72            24          85691          72
   73            24          85715          73
   74            24          85739          74
   75            24          85763          75
   76            24          85787          76
   77            24          85811          77
   78            24          85835          78
   79            24          85859          79
   80            24          85883          80
   81            24          85907          81
   82            24          85931          82
   83            24          85955          83
   84            24          85979          84
   85            24          86003          85
   86            24          86027          86
   87            24          86051          87
   88            24          86075          88
   89            24          86099          89
   90            24          86123          90
   91            24          86147          91
   92            24          86171          92
   93            24          86195          93
   94            24          86219          94
   95            24          86243          95
   96            24          86267          96
   97            24          86291          97
   98            24          86315          98
   99            24          86339          99
  100            24          86363          100
  101            24          86387          101
  102            24          86411          102
  103            24          86435          103
  104            24          86459          104
  105            24          86483          105
  106            24          86507          106
  107            24          86531          107
  108            24          86555          108
  109            24          86579          109
  110            24          86603          110
  111            24          86627          111
  112            24          86651          112
  113            24          86675          113
  114            24          86699          114
  115            24          86723          115
  116            24          86747          116
  117            24          86771          117
  118            24          86795          118
  119            24          86819          119
  120            24          86843          120
  121            24          86867          121
  122            24          86891          122
  123            24          86915          123
  124            24          86939          124
  125            24          86963          125
  126            24          86987          126
  127            24          87011          127
  128            24          87035          128
  129            24          87059          129
  130            24          87083          130
  131            24          87107          131
  132            24          87131          132
  133            24          87155          133
  134            24          87179          134
  135            24          87203          135
  136            24          87227          136
  137            24          87251          137
  138            24          87275          138
  139            24          87299          139
  140            24          87323          140
  141            24          87347          141
  142            24          87371          142
  143            24          87395          143
  144            24          87419          144
  145            24          87443          145
  146            24          87467          146
  147            24          87491          147
  148            24          87515          148
  149            24          87539          149
  150            24          87563          150
  151            24          87587          151
  152            24          87611          152
  153            24          87635          153
  154            24          87659          154
  155            24          87683          155
  156            24          87707          156
  157            24          87731          157
  158            24          87755          158
  159            24          87779          159
  160            24          87803          160
  161            24          87827          161
  162            24          87851          162
  163            24          87875          163
  164            24          87899          164
  165            24          87923          165
  166            24          87947          166
  167            24          87971          167
  168            24          87995          168
  169            24          88019          169
  170            24          88043          170
  171            24          88067          171
  172            24          88091          172
  173            24          88115          173
  174            24          88139          174
  175            24          88163          175
  176            24          88187          176
  177            24          88211          177
  178            24          88235          178
  179            24          88259          179
  180            24          88283          180
  181            24          88307          181
  182            24          88331          182
  183            24          88355          183
  184            24          88379          184
  185            24          88403          185
  186            24          88427          186
  187            24          88451          187
  188            24          88475          188
  189            24          88499          189
  190            24          88523          190
  191            24          88547          191
  192            24          88571          192
  193            24          88595          193
  194            24          88619          194
  195            24          88643          195
  196            24          88667          196
  197            24          88691          197
  198            24          88715          198
  199            24          88739          199
  200            53          88792          200
  201             2          88794          201
  202             2          88796          202
  203             2          88798          203
  204             2          88800          204
  205             2          88802          205
  206             2          88804          206
  207             2          88806          207
  208             2          88808          208
  209             2          88810          209
  210             2          88812          210
  211             2          88814          211
  212             2          88816          212
  213             2          88818          213
  214             2          88820          214
  215             2          88822          215
  216             2          88824          216
  217             2          88826          217
  218             2          88828          218
  219             2          88830          219
  220            41          88871          220
  221            24          88895          221
  222            24          88919          222
  223            24          88943          223
  224            24          88967          224
  225            24          88991          225
  226            24          89015          226
  227            24          89039          227
  228            24          89063          228
  229            24          89087          229
  230            24          89111          230
  231            24          89135          231
  232            24          89159          232
  233            24          89183          233
  234            24          89207          234
  235            24          89231          235
  236            24          89255          236
  237            24          89279          237
  238            24          89303          238
  239            24          89327          239
  240            24          89351          240
  241            24          89375          241
  242            24          89399          242
  243            24          89423          243
  244            24          89447          244
  245            24          89471          245
  246            24          89495          246
  247            24          89519          247
  248            24          89543          248
  249            24          89567          249
  250            24          89591          250
  251            24          89615          251
  252            24          89639          252
  253            24          89663          253
  254            24          89687          254
  255            24          89711          255
  256            24          89735          256
  257            24          89759          257
  258            24          89783          258
  259            24          89807          259
  260            24          89831          260
  261            24          89855          261
  262            24          89879          262
  263            24          89903          263
  264            24          89927          264
  265            24          89951          265
  266            24          89975          266
  267            24          89999          267
  268            24          90023          268
  269            24          90047          269
  270            24          90071          270
  271            24          90095          271
  272            24          90119          272
  273            24          90143          273
  274            24          90167          274
  275            24          90191          275
  276            24          90215          276
  277            24          90239          277
  278            24          90263          278
  279            24          90287          279
  280            24          90311          280
  281            24          90335          281
  282            24          90359          282
  283            24          90383          283
  284            24          90407          284
  285            24          90431          285
  286            24          90455          286
  287            24          90479          287
  288            24          90503          288
  289            24          90527          289
  290            24          90551          290
  291            24          90575          291
  292            24          90599          292
  293            24          90623          293
  294            24          90647          294
  295            24          90671          295
  296            24          90695          296
  297            24          90719          297
  298            24          90743          298
  299            24          90767          299
  300            24          90791          300
  301            24          90815          301
  302            24          90839          302
  303            24          90863          303
  304            24          90887          304
  305            24          90911          305
  306            24          90935          306
  307            24          90959          307
  308            24          90983          308
  309            24          91007          309
  310            24          91031          310
  311            24          91055          311
  312            24          91079          312
  313            24          91103          313
  314            24          91127          314
  315            24          91151          315
  316            24          91175          316
  317            24          91199          317
  318            24          91223          318
  319            24          91247          319
  320            24          91271          320
  321            24          91295          321
  322            24          91319          322
  323            24          91343          323
  324            24          91367          324
  325            24          91391          325
  326            24          91415          326
  327            24          91439          327
  328            24          91463          328
  329            24          91487          329
  330            24          91511          330
  331            24          91535          331
  332            24          91559          332
  333            24          91583          333
  334            24          91607          334
  335            24          91631          335
  336            24          91655          336
  337            24          91679          337
  338            24          91703          338
  339            24          91727          339
  340            24          91751          340
  341            24          91775          341
  342            24          91799          342
  343            24          91823          343
  344            24          91847          344
  345            24          91871          345
  346            24          91895          346
  347            24          91919          347
  348            24          91943          348
  349            24          91967          349
  350            24          91991          350
  351            24          92015          351
  352            24          92039          352
  353            24          92063          353
  354            24          92087          354
  355            24          92111          355
  356            24          92135          356
  357            24          92159          357
  358            24          92183          358
  359            24          92207          359
  360            24          92231          360
  361            24          92255          361
  362            24          92279          362
  363            24          92303          363
  364            24          92327          364
  365            24          92351          365
  366            24          92375          366
  367            24          92399          367
  368            24          92423          368
  369            24          92447          369
  370            24          92471          370
  371            24          92495          371
  372            24          92519          372
  373            24          92543          373
  374            24          92567          374
  375            24          92591          375
  376            24          92615          376
  377            24          92639          377
  378            24          92663          378
  379            24          92687          379
  380            24          92711          380
  381            24          92735          381
  382            24          92759          382
  383            24          92783          383
  384            24          92807          384
  385            24          92831          385
  386            24          92855          386
  387            24          92879          387
  388            24          92903          388
  389            24          92927          389
  390            24          92951          390
  391            24          92975          391
  392            24          92999          392
  393            24          93023          393
  394            24          93047          394
  395            24          93071          395
  396            24          93095          396
  397            24          93119          397
  398            24          93143          398
  399            24          93167          399
  400            24          93191          400
  401            24          93215          401
  402            24          93239          402
  403            24          93263          403
  404            24          93287          404
  405            24          93311          405
  406            24          93335          406
  407            24          93359          407
  408            24          93383          408
  409            24          93407          409
  410            24          93431          410
  411            24          93455          411
  412            24          93479          412
  413            24          93503          413
  414            24          93527          414
  415            24          93551          415
  416            24          93575          416
  417            24          93599          417
  418            24          93623          418
  419            24          93647          419
  420            32          93679          420

Page                       Shape Bytes    Text Bytes
-----------------------    -----------    ----------
Scene 1                           0             0

Symbol                     Shape Bytes    Text Bytes
-----------------------    -----------    ----------
one light                        35             0
lights                            0             0
sky                              40             0
hi-risers                      2996             0
hi-rises                          0             0
surrounds                        67             0
